00000000000000000000000000000000000000000000000000000000000000000000000000000000
01100000000000000001000000000000000000000000000100010000000000000000000000000000
01100000000000000010100000000000000000101011100100010000000000000001000000000000
00000011000000000010100000000000000000101010101111111110000000000001100000000000
00000100100000000001000000000000000000000000000100010000000000000011000000000000
00000011000000000000000000000000000000000000000100010000000000000000000000000000
00000000000000110000000001100000000000000000000000000000000000000000000000000000
00000000000001001000000010010000000000000000000000000000000000000000000000000000
00000011000000110000000001100000000000000000000000000000000000000000000000000000
00000100100000000001000000000000000000000000001010101010000000000000010000000000
00000010100000000010100000000000000000000000010000000000100000000000011000000000
00000001000000000010100000000000000000000000100000000000010000000000110000000000
00000000000000000001000000000000000000000001000000100000001000000000000000000000
00000000000000000000000001000000000000000010000000110000000100000000000000000000
00001000000000000000000101000000000000000100000001100000000010000000000000000000
00010100000000000000100000100000000000011000000000000000000001000000010000000000
00001000000000000000000001000000000000000100101001001010101100100000011000000000
00000110000000000000000000000000000000000000000000000000000000000000110000000000
00000101000000000000000001000000000000000000000000000000000000000000000000000000
00000010000110000000000011100000000111111100000000000000000000000000000000000000
00000000000000000000000001000000000100000000000000001000000000000000000011110000
00000000000100000000000000000000000100000000000000111110000000000000000010000000
00000000000000000000000000000000000000000000000000001000000000000000000010000000
00000000000000000000000000000000000000000000000000000000000000000000000000000000

