00000000000000000000000000000000000000000000000000000000000000000000000000000000
00000000000000000000000000000000000000000000000000000000000000000000000000000000
00000000000000000000000000000000000000000000000000000000000000000000000000000000
00000000011000000000000000000000000000000000000000000000000000000000000000000000
00000000011000000000000000001000000000000000000000000000000000000000000000000000
00000000000000000000000000010100000000000010100000000000000000000000000000000000
00000000000000000000000000001000000000000100000000000000000000000000000000000000
00000000110000000110000000000000000000000010010000000000000000000000000000000000
00000000110100000110000000000000000000000010101000000000000000000000000000000000
00000000000100000000000000000000000100000001001000000000000000000000000000000000
00000000000100000000000000000000000110000000110000000000000000000000000000000000
00000000100100000000000000000110000010000000000000000000000000000000000000000000
00000000011000000000000000000100000000000000000000000000000000000000000000000000
00000000000000000000000000000111000000000000000000000000000000000000000000000000
00000000000000000000000000000000000000000000110000000000000000000000000000000000
00000000000000000000000000000000000000000000110000000000000000000000000000000000
00000000011000000000000000000000000000000000000000000000000000000000000000000000
00000000100100000000000000000000000000000000000000000000000000000000000000000000
00000000101010000000000000000101000011000001100000000000000000000000000000000000
00000000010010000000000000000011000011000001101000000000000000000000000000000000
00000000000001000000000000100010000000000000001000000000000000000000000000000000
00000000001010000000000001010000000000000000001000000000000000000000000000000000
00000000000000000000000000100000000000000001001000000000000000000000000000000000
00000000000000000000000000000000000000000000110000000000000000000000000000000000

