00000000000000000000000000000000000000000000000000000000000000000000000000000000
00110100000000000000000000000000000000000000000000000000000000000000000000000000
00110111000000000000000000000000000000000000000000000000100000000000000000000000
00000000100000000000000000000000000000000000000000000000010001101010010000000000
01110111000000000000000000000000000000000000000000000000011111000010010000000000
00010100000000000000000000011111101100000000000000000000000000000000010000000000
00010100000011000000000000011111101100000000000000000000000000000000010000000000
00001000000010100000000000000000001100000000000000001000000000000000010000000000
00000000000000100000000000011000001100000000000000011100000000000000001000000000
00000000000000110000000000011000001100000000000000001000000000000000001011110000
00000000000000000000000000011000001100000000000000000000000000000000001000010000
00000000000000000000000000011000000000000000000000000000000000000000000000000000
00000000000000000000000000011011111100000000000000000000000000000000000001000000
00000000000000000000000000011011111100000000000000000000000000000000000000000000
00000000000000000000000000000000000000000000000000000000000000000001000000000000
00000000000000000000000000000000000000000000000000000000000000000001110000000000
00000000000000000000000000000000000000000000000000000000000000000001010000000000
00000000000000000000000000000001111000000000000000000000000000000000010000000000
00000000000110000000000000000000001111000000000000000000000000000000000000000000
00000000001001000000000000000000000111000000000000000000000000000000011100000000
00000000000100010000000000000001110000000000000000000000000000000000000100000000
00000000000111000000000000000000001110000000000000000000000000000000001000000000
00000000000000000000000000000000000000000000000000000000000000000000000000000000
00000000000000000000000000000000000000000000000000000000000000000000000000000000

